### x1  y1  px1  py1  pz1  x2  y2  px2  py2  pz2  x3  y3  px3  py3  pz3  x4 y4 px4  py4  pz4  
-98.4926  -44.2175  0.0191442  -0.384073  1100.55  -97.0564  -43.9994  1.71042  0.0997443  1096.32  -97.0013  -42.7979  0.138371  3.19815  1090.69  -97.4162  -38.6316  -0.424203  4.7699  1087.15    
170.397  -25.8452  0.0983425  -0.0281078  1100.53  170.258  -29.0053  -0.540994  -3.70453  1097.06  169.49  -29.9893  -1.84973  -1.92738  1092.82  167.276  -34.691  -2.73069  -5.29748  1088.43    
-89.7103  -40.7  0.136573  0.431089  1100.56  -88.552  -38.2648  1.40052  2.83399  1097.2  -86.1877  -35.9745  5.10466  4.94941  1094.11  -82.1174  -31.404  4.26784  5.22153  1090.36    
1.16486  -27.9437  0.15674  -2.46098  1100.55  4.61842  -28.6806  3.45285  -0.600903  1096.19  5.97468  -27.6262  3.22229  2.69941  1092.16  9.43006  -27.1445  3.73585  0.429384  1088.6    
39.3753  -49.0873  0.31487  -0.0683568  1100.55  40.5974  -46.1966  0.642116  2.99615  1097.04  41.4605  -45.4615  2.42962  1.42129  1093.21  42.221  -43.2181  0.71525  2.26942  1087.85    
-8.35027  -39.0042  0.581288  -0.117651  1100.49  -8.77324  -40.3415  -0.598119  -1.74695  1096.98  -8.80254  -42.0997  0.0708993  -4.09838  1090.78  -11.4357  -45.9692  -3.44013  -3.97973  1087.13    
93.9629  -6.75704  0.109744  -0.0799376  1100.56  94.9478  -9.12187  1.20911  -1.83492  1096.99  95.2029  -11.0944  0.708339  -4.41127  1092.3  95.0364  -12.3017  0.252091  -0.801492  1088.56    
104.053  3.77873  0.422728  -0.0773082  1100.53  101.492  4.39288  -2.48185  0.255467  1095.84  101.216  5.11168  0.26717  2.06067  1091.92  99.7228  4.28706  -1.89916  -1.28445  1087.9    
-126.186  -24.6202  0.145984  0.0406475  1100.57  -128.621  -24.1428  -2.33676  0.90348  1096.48  -130.283  -24.0046  -3.44629  0.00260694  1091.28  -138.101  -23.6384  -8.40737  0.889819  1087.81    
31.0723  0.281763  0.0978013  -0.193477  1100.56  27.3191  2.86941  -4.99148  3.151  1095.77  24.9399  5.57999  -5.7369  6.09366  1091.81  25.2573  14.3977  0.311931  9.41723  1087.91    
